4294967279,128
4294967279,127
4294967279,126
4294967279,125
4294967279,124
4294967279,123
4294967279,122
4294967279,121
4294967279,120
4294967279,119
4294967279,118
4294967279,117
4294967279,116
4294967279,115
4294967279,114
4294967279,113
4294967279,112
4294967278,35
4294967278,34
4294967278,33
4294967278,32
4294967278,31
4294967278,30
4294967278,29
4294967278,28
4294967278,27
4294967278,26
4294967278,137
4294967278,25
4294967278,24
4294967278,23
4294967278,22
4294967278,21
4294967278,20
4294967278,19
4294967278,18
4294967278,17
4294967278,16
4294967278,15
4294967278,14
4294967278,13
4294967278,12
4294967278,11
4294967278,10
4294967278,9
4294967278,8
4294967278,7
4294967278,6
4294967278,5
4294967278,4
4294967279,132
4294967279,131
4294967279,130
4294967279,129
4294967279,23
4294967279,22
4294967279,21
4294967279,20
4294967279,19
4294967279,18
4294967279,17
4294967279,14
4294967278,229
4294967278,223
4294967278,220
4294967294,18
4294967294,14
4294967294,20
4294967278,209
4294967278,208
4294967278,207
4294967278,206
4294967278,205
4294967278,204
4294967278,203
4294967278,202
4294967279,538
4294967294,1248
4294967294,162
4294967294,1070
4294967294,190
4294967294,1079
4294967294,1081
4294967294,1067
4294967278,343
4294967278,191
4294967294,439
4294967279,537
4294967278,190
4294967278,342
4294967278,189
4294967279,536
4294967278,341
4294967278,187
4294967278,184
4294967278,186
25,5
25,4
4294967278,185
25,3
25,2
25,1
4294967278,340
4294967278,183
4294967278,182
4294967279,535
4294967278,181
4294967278,180
4294967278,179
23,4
4294967278,178
23,3
23,2
23,1
4294967278,339
4294967294,1242
4294967278,177
4294967278,173
4294967278,338
22,6
4294967278,172
4294967278,337
4294967279,534
4294967278,171
22,5
4294967278,169
22,4
4294967278,168
22,3
22,2
22,1
4294967294,1427
4294967278,167
4294967278,164
4294967279,533
4294967278,336
21,5
4294967278,163
4294967278,162
21,4
21,3
21,2
21,1
4294967278,335
4294967278,161
4294967294,393
4294967294,395
4294967294,399
4294967294,407
4294967294,421
4294967294,420
4294967294,167
4294967294,467
4294967294,450
4294967294,112
4294967294,477
4294967278,160
4294967279,532
4294967279,277
4294967278,159
4294967294,387
4294967294,1087
4294967278,334
4294967279,531
4294967278,157
20,5
4294967279,530
4294967278,333
20,4
4294967278,154
20,3
20,2
20,1
4294967278,332
4294967278,153
4294967278,331
4294967278,330
19,5
4294967279,529
19,4
19,3
19,2
19,1
4294967279,528
4294967294,476
4294967279,527
4294967278,329
18,4
18,3
18,2
18,1
4294967278,328
4294967278,327
4294967278,326
4294967279,526
4294967278,325
4294967279,525
4294967278,324
4294967279,524
4294967294,389
4294967294,115
4294967294,114
4294967294,120
4294967279,523
4294967278,323
4294967279,276
4294967279,13
4294967279,11
4294967279,134
4294967294,1072
4294967279,287
4294967279,522
4294967294,5
4294967294,1086
4294967294,1246
4294967294,29
4294967294,36
4294967294,39
4294967278,322
4294967279,521
4294967294,37
4294967294,42
4294967294,40
4294967294,430
4294967294,475
4294967278,321
4294967279,286
4294967279,265
4294967279,267
17,5
17,4
17,2
17,1
4294967279,520
4294967294,99
4294967294,51
4294967294,417
4294967294,53
4294967279,264
4294967279,263
4294967278,320
4294967279,262
4294967279,283
4294967294,107
4294967279,259
4294967278,319
15,4
4294967279,258
15,3
15,2
15,1
4294967279,519
4294967294,85
4294967278,318
4294967294,92
4294967294,90
4294967294,88
4294967294,86
4294967294,173
4294967294,161
4294967294,1080
4294967294,182
4294967294,1157
4294967279,518
4294967278,317
4294967279,517
4294967294,1160
4294967294,388
4294967278,316
4294967278,315
4294967279,516
4294967279,515
4294967278,314
14,6
4294967278,313
4294967279,514
4294967278,312
4294967278,255
4294967279,513
14,5
4294967278,311
4294967278,260
4294967278,0
4294967279,512
4294967278,254
14,4
14,3
14,2
14,1
4294967278,253
4294967278,252
4294967294,474
4294967294,469
4294967278,250
4294967278,251
4294967279,319
4294967279,318
4294967279,260
4294967279,0
4294967278,248
13,5
4294967278,244
13,4
4294967278,242
13,3
13,2
13,1
4294967278,241
4294967278,240
4294967278,239
4294967278,234
4294967294,426
4294967278,310
4294967278,235
12,5
4294967278,232
4294967278,230
12,4
12,3
12,2
12,1
4294967278,228
4294967278,226
4294967294,396
4294967294,1163
4294967294,187
4294967294,385
4294967294,178
4294967294,179
4294967294,1078
4294967294,455
4294967294,457
4294967294,164
4294967294,175
4294967278,224
4294967278,225
4294967278,222
11,5
4294967278,218
11,4
4294967278,216
11,3
11,2
11,1
4294967278,215
4294967278,214
4294967278,213
4294967278,212
4294967278,211
10,4
10,3
10,2
10,1
4294967279,317
4294967278,210
0,7
4294967278,309
4294967294,1
4294967294,186
4294967294,0
4294967294,1068
4294967279,316
4294967294,392
4294967294,46
4294967294,390
4294967294,2
4294967294,89
